0	7.142409485479479,6.565277776743559
1	2.6476235838024422,10.123518271719632
2	-2.2800765381981183,9.746429878700223
3	6.866262285906476,10.408120259286132
4	0.6730394769348064,12.570814174055533
5	-1.792912029052072,7.031226266479064
6	7.784501546160384,13.83632363725075
7	-1.0789261993524943,11.275769871560192
8	4.589060720509519,12.313349299595572
9	5.14347424811819,8.776283551925747
10	0.3933687710482374,9.053961686446826
11	10.064604209520795,11.228881648762934
12	2.908489154050987,13.105846889061167
13	2.601017304122589,6.856886551260516
14	8.783014813941337,8.809512890289966
15	5.026741534299784,14.951091361720914
